0 0.5 0.5 1.0 1.0
0 0.19857142857142857 0.9104166666666667 0.01 0.014583333333333334
0 0.21714285714285714 0.8333333333333334 0.01 0.014583333333333334
0 0.25857142857142856 0.7270833333333333 0.014285714285714285 0.01875
0 0.14857142857142858 0.60625 0.008571428571428572 0.010416666666666666
0 0.18428571428571427 0.575 0.004285714285714286 0.010416666666666666
0 0.8657142857142858 0.5958333333333333 0.06428571428571428 0.08125
0 0.8342857142857143 0.55625 0.005714285714285714 0.00625
0 0.6714285714285714 0.5479166666666667 0.011428571428571429 0.016666666666666666
0 0.8557142857142858 0.5270833333333333 0.007142857142857143 0.00625
0 0.19857142857142857 0.5229166666666667 0.02 0.014583333333333334
0 0.18285714285714286 0.5229166666666667 0.012857142857142857 0.014583333333333334
0 0.22 0.5145833333333333 0.004285714285714286 0.008333333333333333
0 0.58 0.5145833333333333 0.03142857142857143 0.04583333333333333
0 0.84 0.5104166666666666 0.027142857142857142 0.05
0 0.8942857142857142 0.4979166666666667 0.012857142857142857 0.03958333333333333
0 0.8885714285714286 0.4625 0.007142857142857143 0.00625
0 0.8271428571428572 0.44583333333333336 0.008571428571428572 0.014583333333333334
0 0.25285714285714284 0.43333333333333335 0.004285714285714286 0.010416666666666666
0 0.25142857142857145 0.41458333333333336 0.005714285714285714 0.010416666666666666
0 0.6642857142857143 0.375 0.017142857142857144 0.016666666666666666
0 0.7014285714285714 0.35625 0.04857142857142857 0.08958333333333333
0 0.7885714285714286 0.3104166666666667 0.008571428571428572 0.027083333333333334
0 0.6414285714285715 0.2833333333333333 0.015714285714285715 0.03125
0 0.07285714285714286 0.20208333333333334 0.014285714285714285 0.016666666666666666
0 0.14 0.12083333333333333 0.005714285714285714 0.010416666666666666
0 0.3742857142857143 0.03958333333333333 0.005714285714285714 0.010416666666666666
0 0.4514285714285714 0.32708333333333334 0.7742857142857142 0.6104166666666667
0 0.46714285714285714 0.48333333333333334 0.02857142857142857 0.03333333333333333
0 0.36857142857142855 0.4625 0.017142857142857144 0.0125
0 0.5642857142857143 0.4125 0.014285714285714285 0.041666666666666664
0 0.10285714285714286 0.22708333333333333 0.014285714285714285 0.022916666666666665
0 0.10571428571428572 0.18125 0.02 0.03958333333333333
0 0.33 0.08333333333333333 0.008571428571428572 0.0125
