0 0.3985714285714286 0.6229166666666667 0.005714285714285714 0.00625
0 0.2571428571428571 0.6208333333333333 0.014285714285714285 0.0125
0 0.19285714285714287 0.59375 0.007142857142857143 0.0125
0 0.3985714285714286 0.53125 0.012857142857142857 0.010416666666666666
0 0.3142857142857143 0.5270833333333333 0.02142857142857143 0.04583333333333333
0 0.32285714285714284 0.4895833333333333 0.007142857142857143 0.022916666666666665
0 0.14 0.69375 0.28 0.6125
0 0.032857142857142856 0.9854166666666667 0.007142857142857143 0.014583333333333334
0 0.04285714285714286 0.9625 0.01 0.03125
0 0.04 0.8666666666666667 0.01 0.014583333333333334
0 0.06571428571428571 0.7416666666666667 0.008571428571428572 0.014583333333333334
0 0.13285714285714287 0.6520833333333333 0.005714285714285714 0.008333333333333333
0 0.12142857142857143 0.65 0.018571428571428572 0.0375
0 0.1457142857142857 0.6270833333333333 0.014285714285714285 0.025
0 0.10857142857142857 0.6166666666666667 0.008571428571428572 0.022916666666666665
0 0.06857142857142857 0.6020833333333333 0.01 0.025
0 0.2057142857142857 0.5458333333333333 0.017142857142857144 0.03125
0 0.24142857142857144 0.525 0.01 0.029166666666666667
0 0.10428571428571429 0.5145833333333333 0.008571428571428572 0.010416666666666666
0 0.08142857142857143 0.5125 0.004285714285714286 0.008333333333333333
0 0.21142857142857144 0.5125 0.008571428571428572 0.016666666666666666
0 0.03571428571428571 0.5041666666666667 0.007142857142857143 0.00625
0 0.12571428571428572 0.50625 0.01 0.014583333333333334
0 0.07142857142857142 0.5020833333333333 0.012857142857142857 0.025
0 0.21714285714285714 0.49583333333333335 0.015714285714285715 0.027083333333333334
0 0.09571428571428571 0.4625 0.01 0.010416666666666666
0 0.18857142857142858 0.44166666666666665 0.015714285714285715 0.020833333333333332
0 0.48714285714285716 0.35 0.011428571428571429 0.010416666666666666
0 0.5685714285714286 0.19583333333333333 0.008571428571428572 0.014583333333333334
0 0.07285714285714286 0.09375 0.04285714285714286 0.020833333333333332
0 0.5 0.5 1.0 1.0
0 0.4942857142857143 0.975 0.005714285714285714 0.00625
0 0.4828571428571429 0.96875 0.007142857142857143 0.01875
0 0.5185714285714286 0.925 0.008571428571428572 0.022916666666666665
0 0.5071428571428571 0.9229166666666667 0.017142857142857144 0.022916666666666665
0 0.5014285714285714 0.90625 0.02 0.0125
0 0.5185714285714286 0.875 0.011428571428571429 0.022916666666666665
0 0.4828571428571429 0.8541666666666666 0.008571428571428572 0.010416666666666666
0 0.4785714285714286 0.81875 0.005714285714285714 0.00625
0 0.4585714285714286 0.7708333333333334 0.01 0.025
0 0.7371428571428571 0.7375 0.005714285714285714 0.014583333333333334
0 0.73 0.7125 0.004285714285714286 0.0125
0 0.7228571428571429 0.6875 0.007142857142857143 0.010416666666666666
0 0.6771428571428572 0.6645833333333333 0.01 0.010416666666666666
0 0.6657142857142857 0.6625 0.004285714285714286 0.008333333333333333
0 0.7714285714285715 0.6520833333333333 0.005714285714285714 0.00625
0 0.7585714285714286 0.65 0.014285714285714285 0.010416666666666666
0 0.6842857142857143 0.6520833333333333 0.02 0.014583333333333334
0 0.73 0.6520833333333333 0.01 0.020833333333333332
0 0.44857142857142857 0.6520833333333333 0.01 0.025
0 0.7114285714285714 0.6333333333333333 0.004285714285714286 0.010416666666666666
0 0.6542857142857142 0.6270833333333333 0.004285714285714286 0.010416666666666666
0 0.7185714285714285 0.61875 0.022857142857142857 0.014583333333333334
0 0.6728571428571428 0.6125 0.004285714285714286 0.008333333333333333
0 0.6242857142857143 0.6145833333333334 0.011428571428571429 0.0125
0 0.6628571428571428 0.6125 0.007142857142857143 0.014583333333333334
0 0.41 0.6083333333333333 0.007142857142857143 0.016666666666666666
0 0.6385714285714286 0.6083333333333333 0.024285714285714285 0.029166666666666667
0 0.6642857142857143 0.5958333333333333 0.011428571428571429 0.016666666666666666
0 0.8457142857142858 0.5666666666666667 0.005714285714285714 0.00625
0 0.6257142857142857 0.5791666666666667 0.025714285714285714 0.0375
0 0.4471428571428571 0.5645833333333333 0.018571428571428572 0.010416666666666666
0 0.5214285714285715 0.5625 0.014285714285714285 0.016666666666666666
0 0.37857142857142856 0.5520833333333334 0.008571428571428572 0.010416666666666666
0 0.6942857142857143 0.55 0.007142857142857143 0.010416666666666666
0 0.67 0.5458333333333333 0.01 0.0125
0 0.5771428571428572 0.5458333333333333 0.008571428571428572 0.027083333333333334
0 0.7114285714285714 0.54375 0.011428571428571429 0.029166666666666667
0 0.6728571428571428 0.5291666666666667 0.005714285714285714 0.0125
0 0.8328571428571429 0.5125 0.005714285714285714 0.00625
0 0.7042857142857143 0.5020833333333333 0.011428571428571429 0.016666666666666666
0 0.8214285714285714 0.48541666666666666 0.017142857142857144 0.010416666666666666
0 0.6185714285714285 0.45208333333333334 0.012857142857142857 0.0125
0 0.83 0.4375 0.005714285714285714 0.01875
0 0.6471428571428571 0.4083333333333333 0.007142857142857143 0.0125
0 0.7485714285714286 0.40208333333333335 0.008571428571428572 0.0125
0 0.7928571428571428 0.3958333333333333 0.005714285714285714 0.008333333333333333
0 0.7257142857142858 0.3645833333333333 0.011428571428571429 0.029166666666666667
0 0.5785714285714286 0.35 0.014285714285714285 0.0125
0 0.5671428571428572 0.3375 0.008571428571428572 0.010416666666666666
0 0.6942857142857143 0.27291666666666664 0.007142857142857143 0.010416666666666666
0 0.68 0.26458333333333334 0.011428571428571429 0.010416666666666666
0 0.6642857142857143 0.24791666666666667 0.01 0.014583333333333334
0 0.6328571428571429 0.22291666666666668 0.007142857142857143 0.010416666666666666
0 0.6057142857142858 0.20208333333333334 0.007142857142857143 0.010416666666666666
0 0.5214285714285715 0.14583333333333334 0.007142857142857143 0.00625
0 0.5657142857142857 0.14375 0.014285714285714285 0.0125
0 0.5271428571428571 0.125 0.02142857142857143 0.041666666666666664
0 0.3242857142857143 0.05625 0.007142857142857143 0.010416666666666666
0 0.2057142857142857 0.04583333333333333 0.007142857142857143 0.008333333333333333
0 0.09428571428571429 0.05 0.01 0.016666666666666666
0 0.18142857142857144 0.04375 0.008571428571428572 0.0125
0 0.32285714285714284 0.03958333333333333 0.01 0.0125
0 0.23857142857142857 0.03333333333333333 0.005714285714285714 0.00625
0 0.21857142857142858 0.03333333333333333 0.005714285714285714 0.010416666666666666
0 0.39 0.025 0.03 0.01875
