0 0.5414285714285715 0.6104166666666667 0.014285714285714285 0.010416666666666666
0 0.33714285714285713 0.13333333333333333 0.01 0.020833333333333332
0 0.5 0.5 1.0 1.0
0 0.7642857142857142 0.9708333333333333 0.005714285714285714 0.008333333333333333
0 0.7685714285714286 0.9083333333333333 0.005714285714285714 0.00625
0 0.7885714285714286 0.8604166666666667 0.014285714285714285 0.014583333333333334
0 0.7728571428571429 0.8208333333333333 0.008571428571428572 0.016666666666666666
0 0.8614285714285714 0.7958333333333333 0.007142857142857143 0.010416666666666666
0 0.7442857142857143 0.7375 0.005714285714285714 0.016666666666666666
0 0.6842857142857143 0.7145833333333333 0.004285714285714286 0.008333333333333333
0 0.37 0.7145833333333333 0.005714285714285714 0.008333333333333333
0 0.37285714285714283 0.69375 0.005714285714285714 0.00625
0 0.6785714285714286 0.6916666666666667 0.008571428571428572 0.0125
0 0.6842857142857143 0.6833333333333333 0.014285714285714285 0.0125
0 0.6685714285714286 0.66875 0.005714285714285714 0.00625
0 0.8614285714285714 0.675 0.012857142857142857 0.04375
0 0.7414285714285714 0.6625 0.017142857142857144 0.03125
0 0.42 0.6458333333333334 0.005714285714285714 0.010416666666666666
0 0.42714285714285716 0.6458333333333334 0.01 0.0125
0 0.43 0.6291666666666667 0.004285714285714286 0.008333333333333333
0 0.6514285714285715 0.6083333333333333 0.007142857142857143 0.014583333333333334
0 0.7428571428571429 0.6104166666666667 0.011428571428571429 0.03958333333333333
0 0.9442857142857143 0.5979166666666667 0.007142857142857143 0.025
0 0.9285714285714286 0.5958333333333333 0.018571428571428572 0.035416666666666666
0 0.63 0.5833333333333334 0.01 0.010416666666666666
0 0.7314285714285714 0.5854166666666667 0.014285714285714285 0.025
0 0.6742857142857143 0.575 0.01 0.0125
0 0.17285714285714285 0.5729166666666666 0.008571428571428572 0.008333333333333333
0 0.12142857142857143 0.5666666666666667 0.018571428571428572 0.0125
0 0.17142857142857143 0.5604166666666667 0.008571428571428572 0.010416666666666666
0 0.16 0.5541666666666667 0.012857142857142857 0.010416666666666666
0 0.18714285714285714 0.5541666666666667 0.01 0.014583333333333334
0 0.11857142857142858 0.55 0.005714285714285714 0.008333333333333333
0 0.7685714285714286 0.5479166666666667 0.007142857142857143 0.010416666666666666
0 0.3657142857142857 0.5458333333333333 0.007142857142857143 0.0125
0 0.29 0.5416666666666666 0.01 0.010416666666666666
0 0.3342857142857143 0.5375 0.007142857142857143 0.00625
0 0.18 0.5354166666666667 0.004285714285714286 0.008333333333333333
0 0.11 0.5375 0.007142857142857143 0.0125
0 0.2814285714285714 0.5333333333333333 0.008571428571428572 0.010416666666666666
0 0.40714285714285714 0.5291666666666667 0.004285714285714286 0.0125
0 0.3242857142857143 0.5291666666666667 0.02 0.016666666666666666
0 0.6357142857142857 0.525 0.007142857142857143 0.014583333333333334
0 0.3914285714285714 0.5291666666666667 0.008571428571428572 0.020833333333333332
0 0.40285714285714286 0.51875 0.011428571428571429 0.010416666666666666
0 0.37285714285714283 0.5270833333333333 0.01 0.027083333333333334
0 0.6885714285714286 0.51875 0.008571428571428572 0.0375
0 0.11285714285714285 0.5041666666666667 0.008571428571428572 0.014583333333333334
0 0.13285714285714287 0.5 0.004285714285714286 0.008333333333333333
0 0.3742857142857143 0.49375 0.007142857142857143 0.014583333333333334
0 0.6885714285714286 0.49166666666666664 0.005714285714285714 0.0125
0 0.3442857142857143 0.48541666666666666 0.02 0.014583333333333334
0 0.21 0.48333333333333334 0.005714285714285714 0.010416666666666666
0 0.14285714285714285 0.48333333333333334 0.01 0.0125
0 0.18428571428571427 0.48333333333333334 0.014285714285714285 0.04791666666666667
0 0.7314285714285714 0.4791666666666667 0.022857142857142857 0.04375
0 0.7114285714285714 0.4625 0.008571428571428572 0.0125
0 0.15714285714285714 0.45208333333333334 0.008571428571428572 0.010416666666666666
0 0.23857142857142857 0.4979166666666667 0.10857142857142857 0.12708333333333333
0 0.24428571428571427 0.5083333333333333 0.007142857142857143 0.0125
0 0.21 0.43333333333333335 0.004285714285714286 0.0125
0 0.12428571428571429 0.42916666666666664 0.007142857142857143 0.00625
0 0.21142857142857144 0.41458333333333336 0.015714285714285715 0.01875
0 0.2042857142857143 0.4041666666666667 0.004285714285714286 0.010416666666666666
0 0.26142857142857145 0.4125 0.03857142857142857 0.03958333333333333
0 0.23 0.40208333333333335 0.011428571428571429 0.027083333333333334
0 0.14285714285714285 0.39375 0.007142857142857143 0.014583333333333334
0 0.9057142857142857 0.39375 0.005714285714285714 0.016666666666666666
0 0.9157142857142857 0.31875 0.005714285714285714 0.022916666666666665
0 0.13428571428571429 0.26458333333333334 0.007142857142857143 0.010416666666666666
0 0.11857142857142858 0.20416666666666666 0.005714285714285714 0.008333333333333333
0 0.13142857142857142 0.20833333333333334 0.012857142857142857 0.020833333333333332
0 0.12 0.18125 0.005714285714285714 0.010416666666666666
0 0.8957142857142857 0.16875 0.007142857142857143 0.010416666666666666
0 0.26857142857142857 0.1375 0.005714285714285714 0.008333333333333333
0 0.3271428571428571 0.09583333333333334 0.005714285714285714 0.00625
0 0.8857142857142857 0.09791666666666667 0.011428571428571429 0.0125
0 0.6542857142857142 0.08541666666666667 0.007142857142857143 0.01875
0 0.7257142857142858 0.08125 0.014285714285714285 0.014583333333333334
0 0.6528571428571428 0.07083333333333333 0.01 0.010416666666666666
0 0.61 0.0625 0.007142857142857143 0.008333333333333333
0 0.6042857142857143 0.04791666666666667 0.012857142857142857 0.014583333333333334
0 0.4228571428571429 0.04375 0.005714285714285714 0.010416666666666666
0 0.4857142857142857 0.027083333333333334 0.01 0.00625
0 0.5928571428571429 0.027083333333333334 0.005714285714285714 0.008333333333333333
0 0.5614285714285714 0.029166666666666667 0.02142857142857143 0.0125
0 0.5028571428571429 0.027083333333333334 0.024285714285714285 0.014583333333333334
0 0.5257142857142857 0.0125 0.007142857142857143 0.010416666666666666
0 0.5314285714285715 0.010416666666666666 0.007142857142857143 0.010416666666666666
