0 0.047142857142857146 0.99375 0.007142857142857143 0.010416666666666666
0 0.09857142857142857 0.8895833333333333 0.03 0.09375
0 0.11142857142857143 0.81875 0.022857142857142857 0.04583333333333333
0 0.04857142857142857 0.8854166666666666 0.09714285714285714 0.22708333333333333
0 0.1357142857142857 0.7770833333333333 0.008571428571428572 0.016666666666666666
0 0.054285714285714284 0.73125 0.08857142857142856 0.058333333333333334
0 0.16285714285714287 0.7041666666666667 0.024285714285714285 0.03333333333333333
0 0.65 0.6916666666666667 0.008571428571428572 0.0125
0 0.13142857142857142 0.68125 0.015714285714285715 0.010416666666666666
0 0.03857142857142857 0.6770833333333334 0.015714285714285715 0.020833333333333332
0 0.2 0.6666666666666666 0.022857142857142857 0.041666666666666664
0 0.18 0.6333333333333333 0.011428571428571429 0.01875
0 0.002857142857142857 0.6166666666666667 0.007142857142857143 0.016666666666666666
0 0.2 0.6 0.014285714285714285 0.01875
0 0.2342857142857143 0.5895833333333333 0.017142857142857144 0.020833333333333332
0 0.6885714285714286 0.525 0.015714285714285715 0.010416666666666666
0 0.6357142857142857 0.5145833333333333 0.05285714285714286 0.03125
0 0.7257142857142858 0.5020833333333333 0.004285714285714286 0.010416666666666666
0 0.6885714285714286 0.48125 0.03142857142857143 0.05625
0 0.7785714285714286 0.37916666666666665 0.02 0.010416666666666666
0 0.5214285714285715 0.225 0.008571428571428572 0.014583333333333334
0 0.5 0.5 1.0 1.0
0 0.6385714285714286 0.75625 0.014285714285714285 0.016666666666666666
0 0.63 0.7354166666666667 0.017142857142857144 0.03333333333333333
0 0.79 0.7333333333333333 0.014285714285714285 0.035416666666666666
0 0.8628571428571429 0.71875 0.011428571428571429 0.025
0 0.5785714285714286 0.7020833333333333 0.007142857142857143 0.00625
0 0.9428571428571428 0.6 0.008571428571428572 0.014583333333333334
0 0.8742857142857143 0.59375 0.054285714285714284 0.06666666666666667
0 0.8214285714285714 0.5916666666666667 0.03 0.07083333333333333
0 0.9357142857142857 0.5416666666666666 0.022857142857142857 0.04583333333333333
0 0.8214285714285714 0.40625 0.014285714285714285 0.03333333333333333
0 0.8428571428571429 0.3625 0.011428571428571429 0.025
0 0.7042857142857143 0.26666666666666666 0.005714285714285714 0.008333333333333333
0 0.30142857142857143 0.11041666666666666 0.012857142857142857 0.01875
0 0.3342857142857143 0.1 0.004285714285714286 0.008333333333333333
